8, 3, 100.0, 1028.0, 1106.0, 1180.0
8, 4, 100.0, 824.0, 856.8, 891.0
8, 5, 100.0, 1149.0, 1156.0, 1162.0
8, 6, 100.0, 1547.0, 1563.0, 1599.0
8, 7, 100.0, 1945.0, 1973.0, 2049.0
8, 8, 100.0, 2409.0, 2420.8, 2433.0
8, 9, 100.0, 3002.0, 3157.4, 3567.0
8, 10, 100.0, 3705.0, 3726.4, 3740.0
8, 11, 100.0, 4266.0, 4284.8, 4304.0
8, 12, 100.0, 5226.0, 5245.0, 5259.0
9, 3, 100.0, 1134.0, 1248.6, 1589.0
9, 4, 100.0, 916.0, 1184.8, 1777.0
9, 5, 100.0, 1271.0, 1427.8, 1670.0
9, 6, 100.0, 1784.0, 2109.2, 2707.0
9, 7, 100.0, 2393.0, 2521.0, 2924.0
9, 8, 100.0, 2821.0, 3080.4, 4059.0
9, 9, 100.0, 3636.0, 3709.4, 3967.0
9, 10, 100.0, 4416.0, 4515.2, 4621.0
9, 11, 100.0, 5417.0, 5448.2, 5536.0
9, 12, 100.0, 6188.0, 6283.8, 6402.0
10, 3, 100.0, 1306.0, 1581.6, 1919.0
10, 4, 100.0, 1108.0, 1275.2, 1680.0
10, 5, 100.0, 1510.0, 2010.2, 2400.0
10, 6, 100.0, 2123.0, 2623.4, 3433.0
10, 7, 100.0, 3022.0, 3953.2, 4786.0
10, 8, 100.0, 3278.0, 3559.2, 4113.0
10, 9, 100.0, 4164.0, 5267.8, 6223.0
10, 10, 100.0, 5083.0, 5887.0, 7072.0
10, 11, 100.0, 6278.0, 7488.0, 9130.0
10, 12, 100.0, 7137.0, 7760.0, 8807.0
11, 3, 100.0, 1330.0, 1631.4, 2198.0
11, 4, 100.0, 1219.0, 2065.4, 2609.0
11, 5, 100.0, 1930.0, 2677.4, 3200.0
11, 6, 100.0, 2545.0, 3039.4, 3513.0
11, 7, 100.0, 3507.0, 4197.8, 5437.0
11, 8, 100.0, 4031.0, 4852.4, 5636.0
11, 9, 100.0, 4930.0, 5311.6, 5935.0
11, 10, 100.0, 6178.0, 7321.6, 8316.0
11, 11, 100.0, 7346.0, 8403.4, 9819.0
11, 12, 100.0, 8420.0, 9778.6, 13024.0
12, 3, 100.0, 1766.0, 2110.2, 2693.0
12, 4, 100.0, 1717.0, 2155.0, 2957.0
12, 5, 100.0, 3058.0, 3831.4, 4676.0
12, 6, 100.0, 3696.0, 4441.4, 4980.0
12, 7, 100.0, 4576.0, 4870.2, 5505.0
12, 8, 100.0, 4622.0, 6350.0, 8228.0
12, 9, 100.0, 5842.0, 6886.8, 9086.0
12, 10, 100.0, 6814.0, 8208.8, 10258.0
12, 11, 100.0, 9538.0, 10294.8, 11826.0
12, 12, 100.0, 10434.0, 12857.6, 15686.0
13, 3, 100.0, 2580.0, 3040.8, 4120.0
13, 4, 100.0, 2314.0, 3151.4, 4948.0
13, 5, 100.0, 3833.0, 5068.0, 6221.0
13, 6, 100.0, 4475.0, 5339.4, 6450.0
13, 7, 100.0, 5114.0, 6706.8, 8314.0
13, 8, 100.0, 7251.0, 8782.2, 10179.0
13, 9, 100.0, 8382.0, 10217.6, 12062.0
13, 10, 100.0, 9099.0, 10150.6, 12449.0
13, 11, 100.0, 11632.0, 14225.4, 16690.0
13, 12, 100.0, 12525.0, 14498.8, 16111.0
14, 3, 100.0, 2645.0, 2976.6, 3605.0
14, 4, 100.0, 3804.0, 4668.6, 5295.0
14, 5, 100.0, 3450.0, 4488.4, 7350.0
14, 6, 100.0, 4624.0, 6022.8, 8062.0
14, 7, 100.0, 5788.0, 7415.6, 10361.0
14, 8, 100.0, 8169.0, 10601.8, 13578.0
14, 9, 100.0, 9539.0, 11224.8, 13034.0
14, 10, 100.0, 12608.0, 13967.8, 15846.0
14, 11, 100.0, 14067.0, 16285.4, 18552.0
14, 12, 100.0, 17732.0, 18819.4, 19619.0
15, 3, 100.0, 3508.0, 4261.6, 5985.0
15, 4, 100.0, 2428.0, 5010.0, 6582.0
15, 5, 100.0, 4798.0, 7286.8, 10524.0
15, 6, 100.0, 7679.0, 9192.2, 11985.0
15, 7, 100.0, 6583.0, 8426.2, 9682.0
15, 8, 100.0, 8032.0, 11022.8, 13024.0
15, 9, 100.0, 11272.0, 12904.8, 15014.0
15, 10, 100.0, 10710.0, 13634.6, 15349.0
15, 11, 100.0, 14920.0, 17158.0, 19413.0
15, 12, 100.0, 14708.0, 17026.4, 20113.0
16, 3, 100.0, 3756.0, 5017.0, 6259.0
16, 4, 100.0, 4331.0, 5928.0, 7436.0
16, 5, 100.0, 4462.0, 6549.6, 9759.0
16, 6, 100.0, 5580.0, 6836.2, 9746.0
16, 7, 100.0, 9382.0, 11373.2, 12767.0
16, 8, 100.0, 9091.0, 11659.0, 15856.0
16, 9, 100.0, 10536.0, 13824.8, 16859.0
16, 10, 100.0, 12669.0, 15233.0, 19669.0
16, 11, 100.0, 13751.0, 17282.4, 19179.0
16, 12, 100.0, 17426.0, 20567.0, 23587.0
17, 3, 100.0, 3037.0, 4673.4, 6854.0
17, 4, 100.0, 2527.0, 6260.2, 8259.0
17, 5, 100.0, 4623.0, 7167.8, 9347.0
17, 6, 100.0, 6921.0, 9358.8, 12518.0
17, 7, 100.0, 6544.0, 10278.2, 13866.0
17, 8, 100.0, 9607.0, 12869.4, 15855.0
17, 9, 100.0, 12704.0, 15702.6, 17998.0
17, 10, 100.0, 13961.0, 18390.0, 24840.0
17, 11, 100.0, 15671.0, 21080.2, 23317.0
17, 12, 100.0, 17326.0, 22247.4, 26520.0
18, 3, 100.0, 3596.0, 6384.6, 8169.0
18, 4, 100.0, 3993.0, 8322.6, 9802.0
18, 5, 100.0, 4851.0, 8704.2, 11098.0
18, 6, 100.0, 6718.0, 11305.8, 13594.0
18, 7, 100.0, 12956.0, 13534.2, 15063.0
18, 8, 100.0, 10259.0, 15181.0, 17983.0
18, 9, 100.0, 15265.0, 17255.6, 18881.0
18, 10, 100.0, 17644.0, 21445.8, 23763.0
18, 11, 100.0, 15092.0, 23513.2, 28973.0
18, 12, 100.0, 17516.0, 25290.4, 32036.0
19, 3, 100.0, 4465.0, 7276.8, 9216.0
19, 4, 100.0, 5365.0, 9073.8, 11086.0
19, 5, 100.0, 6724.0, 10889.4, 13933.0
19, 6, 100.0, 8731.0, 13145.0, 15817.0
19, 7, 100.0, 8087.0, 13878.8, 16869.0
19, 8, 100.0, 11085.0, 17105.4, 19765.0
19, 9, 100.0, 16170.0, 20610.8, 23790.0
19, 10, 100.0, 17669.0, 20830.0, 25518.0
19, 11, 100.0, 21062.0, 25267.4, 27960.0
19, 12, 100.0, 25279.0, 29230.0, 32505.0
20, 3, 100.0, 8771.0, 10003.6, 11890.0
20, 4, 100.0, 5830.0, 10279.6, 11823.0
20, 5, 100.0, 9379.0, 12553.6, 14888.0
20, 6, 100.0, 14062.0, 15906.4, 17199.0
20, 7, 100.0, 11926.0, 15344.2, 19359.0
20, 8, 100.0, 18103.0, 20882.8, 23020.0
20, 9, 100.0, 15238.0, 20956.8, 24348.0
20, 10, 100.0, 21406.0, 27065.8, 31642.0
